#! /usr/bin/env python

import logging
import os
import multiprocessing
import subprocess
import sys

from lab.experiment import get_run_dir
from lab import tools

tools.configure_logging()

SHUFFLED_TASK_IDS = [3891, 1783, 1976, 1172, 1563, 1987, 3550, 5111, 3298, 2513, 1809, 550, 3451, 1902, 2607, 4726, 3954, 4961, 511, 3212, 2887, 3770, 4087, 510, 3893, 1097, 2228, 3214, 4325, 4448, 2601, 4936, 943, 2141, 3725, 86, 3880, 1459, 1876, 106, 4619, 1103, 2434, 2820, 2623, 4486, 854, 3225, 1693, 3967, 3184, 536, 4905, 4247, 3411, 1465, 4225, 512, 124, 3085, 930, 941, 1537, 2426, 2202, 3517, 1192, 2999, 1904, 1505, 4772, 4664, 4495, 206, 4975, 1831, 4899, 932, 3773, 2485, 3681, 4578, 3090, 280, 210, 2037, 610, 3430, 1785, 2772, 746, 2147, 3073, 4272, 2391, 4599, 764, 2862, 4132, 283, 3256, 3626, 2030, 1743, 1107, 90, 3419, 4940, 4193, 4380, 2490, 4665, 2497, 3446, 1218, 351, 1687, 1497, 3034, 1232, 3751, 123, 1076, 2255, 3777, 3583, 2379, 4775, 1033, 1830, 329, 409, 718, 1636, 3864, 3637, 3820, 2343, 2681, 4493, 89, 2595, 1692, 190, 2724, 1674, 2841, 2045, 1878, 699, 4980, 3502, 3945, 4553, 4953, 416, 2613, 1325, 5131, 2424, 4121, 2058, 2766, 2967, 184, 443, 1628, 3324, 1237, 530, 208, 2655, 621, 3342, 1089, 3039, 2205, 3701, 1550, 3010, 1604, 2081, 1382, 1569, 4649, 3173, 11, 934, 2249, 2449, 1576, 4550, 3346, 1897, 520, 2829, 4112, 1849, 446, 1008, 1491, 925, 4443, 1064, 395, 3470, 4392, 1675, 1284, 4384, 3714, 3908, 187, 2418, 1182, 3058, 2294, 864, 2750, 2701, 307, 4353, 4555, 3605, 467, 5134, 3497, 882, 3141, 2150, 2363, 4288, 2690, 70, 693, 4731, 3378, 750, 1456, 3466, 256, 4935, 4068, 2555, 29, 4453, 2523, 3083, 4947, 2451, 4681, 4171, 984, 5163, 4796, 1912, 1797, 237, 5141, 5149, 2117, 3261, 2264, 3016, 4242, 4568, 1988, 4876, 4641, 3367, 1398, 1096, 780, 3735, 1269, 5029, 1885, 1676, 2725, 3601, 3393, 5156, 3097, 4969, 1893, 4321, 2661, 297, 2542, 3031, 69, 2437, 2216, 1745, 554, 3841, 3693, 4368, 2478, 4830, 122, 4467, 3233, 896, 745, 4494, 5146, 2826, 4853, 4907, 4304, 244, 3535, 1985, 5085, 441, 791, 1047, 2077, 1200, 3818, 3878, 466, 4183, 5143, 2808, 60, 4955, 1402, 525, 1240, 1986, 2320, 3553, 2643, 695, 3731, 1959, 4362, 3272, 1448, 5107, 1564, 2442, 920, 1347, 3789, 153, 2247, 4684, 3467, 4585, 1911, 3780, 167, 2571, 3327, 2057, 1110, 357, 4611, 3440, 4640, 4369, 3779, 3179, 72, 3883, 3514, 1577, 4632, 296, 4629, 1736, 1352, 462, 4624, 1621, 584, 4197, 4191, 4216, 684, 609, 4409, 2324, 1035, 2215, 3192, 1384, 4007, 4822, 2610, 1808, 874, 3836, 3313, 1581, 2400, 3011, 577, 3169, 5100, 1153, 2180, 2984, 818, 1444, 4139, 1396, 2019, 2779, 619, 175, 2088, 38, 4484, 2229, 389, 4777, 211, 4743, 907, 3305, 3297, 2178, 1843, 1417, 3145, 765, 5014, 4363, 759, 1435, 3947, 402, 755, 4435, 3318, 4135, 3069, 3618, 1877, 4622, 4024, 895, 5059, 2911, 2558, 1634, 2145, 5151, 2713, 2065, 2056, 4508, 4639, 1784, 3380, 4520, 1839, 2218, 959, 2120, 3397, 2047, 4352, 2458, 5128, 717, 638, 4481, 4, 3182, 1390, 3351, 1837, 4800, 4192, 4792, 4434, 4884, 384, 1562, 1405, 2351, 4491, 3392, 4732, 1900, 2593, 4814, 3525, 2104, 5067, 1468, 519, 4817, 3098, 2439, 4375, 502, 2151, 4967, 2031, 948, 200, 271, 4605, 4707, 2916, 300, 1360, 2783, 4650, 2659, 4612, 2942, 311, 3208, 1332, 729, 3800, 742, 1805, 711, 566, 830, 2003, 3471, 2191, 3295, 2470, 1998, 4020, 2170, 4697, 2076, 3423, 1599, 498, 114, 2344, 2195, 2651, 3183, 1975, 4526, 1895, 3738, 3837, 2691, 891, 126, 5127, 3047, 148, 3855, 4870, 663, 356, 850, 4818, 4051, 4627, 2828, 1966, 4074, 3767, 2648, 2510, 2064, 3048, 4320, 919, 1194, 911, 293, 4745, 3103, 1437, 5032, 839, 3776, 845, 3385, 5082, 1764, 3810, 582, 1844, 4151, 67, 4841, 1886, 1013, 4904, 5097, 1067, 4609, 4998, 4764, 4644, 2839, 3115, 2244, 2948, 3608, 1630, 4706, 3259, 3718, 3140, 22, 1924, 232, 4198, 113, 3724, 4865, 1410, 3703, 1217, 2763, 1666, 3530, 4979, 509, 361, 4322, 1915, 4034, 4968, 837, 570, 166, 3152, 71, 347, 4635, 158, 3752, 1647, 4710, 140, 3629, 2934, 194, 3794, 2733, 1663, 2752, 2444, 4888, 505, 1449, 4116, 4854, 2889, 4437, 4600, 3157, 1732, 2372, 2956, 2860, 979, 1742, 3138, 4338, 887, 3753, 2866, 1231, 3685, 5062, 2649, 3744, 2545, 4785, 3913, 287, 3940, 1850, 4459, 2684, 4551, 1238, 671, 4019, 2367, 4258, 3287, 1111, 310, 4911, 277, 2161, 4119, 2165, 2509, 2794, 348, 5150, 4923, 3934, 4604, 2471, 4560, 740, 1668, 4129, 3203, 25, 3748, 3124, 4041, 1115, 1642, 4026, 3480, 314, 2102, 1091, 828, 3105, 4075, 2123, 3343, 1349, 1571, 2561, 651, 4895, 4223, 3687, 5166, 1854, 2061, 3911, 4201, 366, 448, 4210, 87, 1132, 3308, 1082, 4559, 2368, 3044, 3598, 2153, 4266, 1923, 2909, 4533, 3706, 3952, 3499, 4507, 517, 1342, 2551, 291, 1485, 4181, 99, 993, 3720, 2380, 2016, 1579, 4388, 1354, 3375, 1383, 5147, 2103, 5012, 2094, 1970, 3921, 4177, 2674, 3981, 5000, 3117, 3015, 2757, 2455, 3801, 5068, 2676, 4885, 1759, 4575, 4921, 2139, 65, 3482, 4734, 426, 125, 1135, 873, 4524, 5020, 2365, 1357, 4270, 4364, 1694, 2225, 2477, 4647, 5060, 5105, 4163, 96, 3311, 3995, 4593, 1259, 1584, 492, 3519, 4659, 3926, 875, 3263, 3021, 3180, 4170, 1575, 5019, 3330, 1104, 2804, 4588, 370, 3917, 2998, 2005, 1063, 4307, 2095, 615, 2007, 1029, 4987, 3055, 2254, 1058, 3143, 4591, 1039, 625, 4519, 840, 2787, 4749, 3018, 680, 1461, 2800, 3973, 4950, 1328, 1757, 3612, 4277, 1052, 2952, 855, 2067, 2819, 4570, 2774, 2832, 2415, 168, 2552, 2405, 5016, 4708, 4013, 4462, 3559, 4473, 4290, 1105, 885, 1492, 1344, 2556, 1012, 1716, 3660, 2672, 537, 3689, 1735, 4233, 4755, 61, 4506, 3227, 2618, 4996, 4589, 4249, 4308, 2950, 1847, 4654, 2100, 4737, 3276, 404, 3797, 4703, 2049, 1327, 2694, 2137, 2325, 3634, 1358, 591, 1411, 57, 4917, 3602, 1205, 2213, 751, 219, 282, 1134, 390, 1519, 5052, 2969, 1587, 4140, 2944, 3815, 641, 3790, 1258, 2392, 2723, 5073, 821, 272, 5003, 3551, 4365, 2041, 4441, 1672, 2069, 908, 2812, 3373, 155, 1731, 5051, 1490, 1406, 4713, 4344, 3391, 1288, 1189, 794, 4869, 2857, 165, 4784, 1326, 4254, 4483, 4695, 4523, 3335, 3614, 4166, 3082, 976, 3944, 4616, 1311, 2683, 4919, 1276, 3956, 4082, 4400, 5132, 2905, 18, 4350, 4667, 5037, 958, 460, 2637, 322, 3859, 2004, 2773, 4423, 4215, 4343, 4412, 5072, 3558, 3118, 4754, 4548, 4049, 4676, 334, 2107, 1968, 799, 827, 2159, 3017, 4385, 2173, 4896, 4331, 1480, 1389, 3000, 3638, 2105, 760, 118, 576, 3127, 553, 2347, 3630, 1081, 4678, 4282, 1594, 4224, 3172, 5164, 3053, 1678, 4735, 2900, 3496, 1990, 4248, 2578, 4162, 1508, 3923, 513, 1954, 161, 3992, 3274, 438, 138, 784, 1158, 31, 838, 1815, 3218, 877, 1775, 3149, 1356, 2480, 1932, 2364, 332, 1920, 969, 3636, 4521, 1514, 1856, 1366, 975, 3285, 3213, 1610, 257, 1427, 248, 3524, 3807, 2825, 662, 398, 4274, 2395, 797, 4645, 3969, 1728, 2836, 2339, 1979, 3456, 4390, 3177, 229, 1982, 720, 4381, 3242, 1834, 902, 3237, 3226, 203, 4415, 2854, 4067, 1242, 145, 4827, 5023, 4436, 1178, 1701, 2671, 479, 5065, 1042, 843, 5118, 2740, 792, 623, 2116, 1186, 2720, 579, 3286, 2991, 688, 947, 1144, 150, 3076, 2001, 2307, 2261, 2401, 2546, 983, 2692, 4741, 2629, 3290, 2073, 652, 4195, 4411, 3493, 189, 4190, 3332, 4719, 1362, 3371, 5061, 2275, 2765, 4431, 2708, 3492, 3092, 169, 1273, 2526, 2785, 4932, 1065, 4809, 2600, 831, 4938, 4673, 1947, 41, 139, 4072, 1919, 3690, 1637, 1712, 3998, 1234, 3699, 3255, 4776, 683, 4872, 4373, 3590, 1869, 2390, 1542, 3282, 4296, 1883, 2557, 4217, 77, 3185, 1881, 1608, 1862, 3181, 97, 2097, 4580, 2947, 1517, 1474, 3129, 5033, 4222, 773, 3568, 1197, 866, 2924, 3383, 2680, 2233, 3476, 3370, 2182, 4405, 2751, 1934, 4572, 3708, 723, 4429, 2574, 3536, 2423, 884, 2257, 3931, 1824, 770, 4120, 4675, 128, 1965, 3114, 612, 3086, 4849, 1964, 3035, 58, 1632, 675, 2577, 1213, 3888, 1984, 4154, 1005, 2704, 3920, 350, 3490, 636, 5112, 163, 4981, 1431, 1372, 151, 2338, 1917, 1481, 2921, 3834, 1040, 611, 599, 3229, 2522, 1625, 4113, 4501, 1074, 1656, 141, 632, 3659, 2399, 3438, 3736, 2688, 4668, 2403, 424, 2476, 2111, 3588, 1128, 3677, 4124, 3784, 392, 2282, 531, 2520, 5050, 3432, 333, 1045, 185, 305, 681, 706, 1457, 4933, 1616, 1336, 3886, 4716, 3405, 4330, 3481, 3813, 3247, 2886, 52, 2801, 212, 4240, 2500, 3005, 3723, 3870, 2759, 3410, 1719, 3611, 1060, 1650, 1370, 2341, 4010, 2327, 1028, 2869, 1760, 3570, 4250, 2074, 3007, 1557, 1681, 3623, 3862, 1002, 4053, 567, 1863, 2591, 3976, 3596, 3765, 4401, 1662, 564, 2377, 335, 3817, 1346, 79, 1460, 2376, 240, 4305, 2397, 364, 2548, 120, 2830, 4787, 4291, 3315, 1646, 3483, 3872, 3728, 1056, 3900, 4014, 2469, 852, 3742, 469, 3734, 1085, 871, 2009, 981, 3902, 3759, 1727, 3704, 4118, 2070, 4444, 3078, 1450, 2230, 3401, 4547, 3966, 3210, 3289, 2511, 1206, 4986, 2306, 3826, 3102, 4815, 1551, 2034, 2770, 1528, 442, 2833, 1320, 499, 453, 2735, 5153, 4801, 1139, 2525, 3093, 2532, 4125, 3323, 4315, 4280, 1806, 4816, 506, 3077, 2978, 5122, 3739, 1254, 5102, 4867, 2547, 812, 1377, 2431, 4934, 178, 1279, 2248, 670, 3357, 28, 374, 5080, 4757, 1697, 1379, 2645, 2748, 157, 49, 3356, 2990, 2112, 4552, 3139, 571, 2199, 973, 2404, 3928, 1698, 2472, 769, 2313, 4722, 795, 3831, 1803, 7, 3121, 9, 1280, 676, 2845, 4857, 4808, 3791, 2407, 1250, 4071, 634, 2992, 2370, 1644, 4346, 3897, 2288, 3542, 1962, 4793, 4766, 5008, 4836, 4466, 1746, 3258, 2293, 474, 1010, 1305, 3895, 455, 3472, 2550, 942, 4680, 1665, 3822, 1653, 2621, 4852, 2920, 1580, 1048, 2222, 987, 4114, 3418, 3060, 1412, 4602, 2518, 3199, 1744, 5, 2954, 2586, 2396, 195, 3283, 3040, 4430, 1624, 1092, 2896, 3929, 3745, 1560, 4281, 4153, 4136, 4379, 4159, 1001, 5056, 2181, 3975, 447, 2044, 3187, 1416, 1948, 1596, 2831, 1506, 3548, 4378, 4861, 3175, 2349, 3250, 4469, 3772, 4730, 2093, 3486, 4925, 1755, 1079, 2986, 1027, 3616, 4892, 4712, 811, 1131, 2467, 3846, 618, 95, 4679, 5099, 12, 1133, 3552, 2217, 4720, 1974, 789, 4310, 223, 3964, 3639, 867, 4165, 3325, 1140, 2901, 4318, 4984, 2402, 3462, 3344, 3479, 5071, 936, 250, 290, 2328, 2241, 2075, 1009, 4908, 1845, 2068, 1073, 2115, 533, 4874, 4973, 2898, 2963, 2626, 1303, 4820, 3328, 2452, 4070, 205, 3205, 1188, 1938, 3051, 893, 953, 1430, 115, 3215, 1651, 4651, 1922, 3941, 2913, 2863, 3193, 4982, 3589, 4262, 266, 705, 5057, 4241, 3112, 4903, 739, 853, 2771, 1314, 2717, 4103, 2912, 1802, 34, 2211, 4438, 213, 2464, 3999, 1510, 2453, 383, 4601, 4052, 4451, 5129, 3549, 1225, 3022, 2791, 4545, 417, 2973, 4993, 4209, 710, 1565, 1177, 5087, 4239, 3091, 886, 1191, 587, 171, 4295, 2155, 1483, 1631, 1313, 4750, 83, 1020, 1536, 2798, 2465, 1996, 4823, 4016, 2360, 2435, 44, 2189, 4309, 3715, 397, 5042, 3110, 2129, 3317, 3580, 4387, 456, 1359, 2498, 540, 3711, 3555, 2429, 2273, 78, 2959, 2668, 3924, 1753, 23, 1204, 3573, 483, 1302, 2786, 117, 1078, 4960, 4213, 1832, 4399, 1308, 3281, 955, 2101, 5064, 1823, 4528, 3653, 2936, 910, 3654, 1424, 602, 201, 1122, 4739, 242, 927, 3640, 3943, 4461, 3746, 1212, 1361, 1658, 4721, 3896, 3668, 617, 75, 860, 2660, 4638, 91, 2726, 1149, 1993, 2817, 1660, 344, 4926, 4807, 1229, 643, 320, 3119, 2872, 722, 2890, 3427, 1101, 254, 367, 2017, 4875, 4943, 4342, 3974, 2563, 1376, 480, 2514, 1603, 1044, 1049, 1261, 1502, 2388, 2945, 1842, 355, 5081, 4341, 1403, 5154, 2849, 1373, 228, 4371, 4847, 2287, 2346, 3604, 3564, 644, 1887, 1244, 4538, 1499, 4558, 2163, 1400, 1290, 2633, 1880, 3965, 1299, 1589, 2955, 1463, 2466, 4490, 4525, 4301, 5158, 4791, 3867, 284, 3599, 3522, 3171, 2326, 2799, 2742, 3848, 4285, 1511, 3642, 102, 4617, 1125, 4690, 5031, 4084, 1723, 2042, 2224, 3977, 5047, 1972, 4962, 4046, 1652, 376, 4383, 1860, 3512, 1801, 968, 4446, 1522, 3970, 3984, 4805, 1677, 428, 3500, 4319, 1718, 2183, 2143, 324, 1899, 3429, 3737, 3094, 1394, 4356, 485, 3707, 222, 1162, 3671, 1098, 2706, 3607, 2993, 2573, 2667, 4683, 2536, 2843, 4425, 1673, 2386, 1446, 315, 4771, 1855, 26, 2876, 861, 1933, 5135, 4212, 2678, 2447, 744, 4783, 2811, 3262, 3666, 3932, 84, 1544, 147, 4279, 4672, 413, 1015, 1552, 1253, 1187, 3222, 4620, 4598, 970, 2158, 2223, 2996, 2378, 4633, 3978, 2146, 2121, 2015, 1287, 2502, 3615, 3750, 666, 1301, 3649, 4522, 1794, 4835, 3142, 4995, 3216, 3828, 890, 2722, 1520, 1556, 451, 459, 403, 1890, 563, 2488, 1453, 1397, 378, 4002, 1741, 345, 3863, 3754, 2048, 5040, 2987, 4023, 24, 14, 4614, 4556, 4527, 4278, 826, 2286, 673, 3569, 2201, 707, 3507, 863, 4110, 4797, 1597, 3223, 5117, 1771, 1207, 2454, 149, 4220, 3165, 1629, 1766, 2457, 3937, 954, 3052, 542, 3488, 2092, 2332, 2926, 1724, 2253, 4065, 4358, 1136, 2352, 1705, 1853, 668, 548, 3579, 1772, 2877, 2594, 1733, 4047, 2609, 4949, 2852, 5010, 2596, 4088, 2006, 3760, 2673, 368, 4227, 1109, 1378, 4733, 2827, 2823, 216, 4152, 2805, 779, 2026, 2188, 4819, 824, 4795, 2369, 4944, 608, 3650, 1443, 4340, 3523, 3396, 1748, 1684, 1469, 4175, 4131, 1721, 1578, 2167, 1626, 239, 425, 2534, 419, 916, 452, 3963, 2371, 391, 4268, 1291, 1946, 4878, 5009, 1003, 2634, 4246, 1981, 3204, 4537, 4990, 2329, 4003, 4287, 1442, 191, 4402, 2531, 1316, 4758, 5088, 1222, 4652, 3763, 317, 1102, 3561, 2604, 2780, 1202, 396, 4838, 1792, 497, 1614, 1415, 712, 3957, 977, 3562, 3656, 3400, 281, 3340, 848, 1072, 3162, 3267, 1875, 1643, 2628, 5054, 4845, 4531, 3620, 4377, 2895, 3830, 1055, 4959, 10, 1600, 4670, 879, 3877, 1371, 3996, 4077, 5006, 597, 3268, 142, 3302, 1591, 1243, 3740, 4447, 3771, 4952, 1654, 991, 3860, 278, 3809, 3163, 906, 3938, 735, 3983, 3122, 3063, 2012, 2576, 1034, 1539, 1387, 4293, 4780, 2746, 1526, 4799, 4958, 956, 4188, 2285, 3270, 2356, 3670, 1971, 4511, 365, 2760, 2331, 2318, 2025, 3207, 4997, 4386, 2663, 2904, 4909, 3096, 2270, 4812, 776, 224, 1368, 1143, 939, 3684, 2778, 748, 4085, 1566, 3565, 2276, 4674, 387, 4789, 246, 2206, 3646, 945, 221, 656, 4455, 1007, 5002, 3538, 971, 471, 2650, 1926, 93, 179, 3541, 1977, 4518, 2897, 4824, 3627, 1873, 2622, 3257, 207, 4510, 3805, 1952, 2051, 4127, 2567, 3644, 515, 3198, 3803, 4076, 3387, 3927, 3338, 3641, 2289, 3849, 4058, 1913, 1498, 4595, 134, 2416, 4655, 2641, 545, 2764, 2700, 1817, 3655, 4101, 1335, 1950, 4017, 2087, 872, 3721, 4094, 1391, 2619, 3293, 757, 217, 1884, 1702, 5140, 3361, 1117, 1567, 4767, 2592, 4214, 743, 358, 858, 5101, 2035, 1781, 3457, 2517, 650, 4786, 4803, 3942, 1523, 3459, 2856, 1942, 487, 4922, 4705, 1175, 1221, 4207, 4179, 3435, 2521, 1613, 4873, 1070, 528, 2345, 4203, 880, 2348, 3825, 325, 1454, 5027, 3030, 3277, 4781, 3829, 4752, 2979, 3348, 3494, 2662, 3350, 1816, 1606, 1173, 4147, 4264, 101, 2541, 3557, 1108, 1429, 3680, 3100, 923, 2091, 2632, 669, 1664, 5148, 960, 2588, 3161, 1297, 1598, 2494, 4689, 1865, 2335, 2023, 3333, 379, 3697, 3057, 1777, 3935, 3787, 253, 1734, 3678, 3135, 679, 472, 4080, 3046, 574, 909, 437, 3556, 164, 4404, 1363, 4747, 1572, 869, 3407, 777, 665, 2975, 3847, 343, 233, 2507, 820, 4942, 1467, 1798, 593, 3585, 3609, 4395, 3804, 3520, 50, 3319, 3631, 1524, 4475, 4252, 136, 1256, 2617, 1322, 2871, 68, 1909, 4361, 3610, 1121, 37, 926, 4596, 2528, 3441, 4150, 3988, 3951, 4253, 4916, 3854, 714, 817, 4324, 883, 915, 4027, 338, 3990, 4243, 691, 2028, 3054, 4432, 1473, 1309, 4468, 3448, 3716, 1099, 1592, 1568, 4001, 2965, 1385, 4951, 835, 2194, 4306, 1611, 2997, 3845, 2903, 2122, 813, 4219, 3417, 4985, 5024, 2337, 4360, 4658, 1201, 3003, 3898, 4691, 3914, 2624, 2021, 2267, 3316, 3217, 4859, 1161, 3195, 154, 832, 4048, 4032, 3501, 802, 767, 2309, 3154, 1796, 2853, 2374, 998, 5090, 299, 4123, 135, 1330, 1525, 4276, 4765, 435, 3936, 2204, 4848, 708, 2606, 5106, 1030, 457, 3020, 2815, 1488, 3879, 4093, 259, 4846, 3758, 4504, 4561, 2540, 3894, 798, 3196, 2314, 260, 3487, 1355, 4567, 3164, 2300, 1814, 2846, 774, 3695, 1061, 4012, 3434, 822, 2157, 1709, 814, 3431, 2271, 2323, 5096, 3919, 2930, 678, 4914, 2357, 4186, 620, 2553, 3686, 5076, 819, 4881, 859, 4302, 647, 4669, 3099, 2099, 1961, 2754, 1737, 2098, 1329, 1910, 127, 3997, 363, 440, 238, 4231, 4837, 1224, 4696, 4762, 1503, 2589, 4517, 3284, 2362, 3710, 252, 3554, 2366, 4351, 1168, 630, 1278, 2782, 4050, 2858, 3362, 4427, 3153, 2482, 1129, 4433, 3595, 2193, 2130, 1641, 2686, 3453, 924, 3064, 105, 3861, 4571, 937, 1479, 766, 3307, 1164, 2611, 1247, 1260, 1423, 3986, 3922, 2570, 1077, 3635, 2108, 4687, 1404, 2046, 1559, 1116, 2543, 1053, 1688, 851, 3292, 3749, 677, 667, 4465, 4130, 1433, 5055, 2272, 2864, 3070, 2824, 4059, 2646, 5142, 3688, 762, 1438, 4141, 1422, 1767, 3266, 209, 4587, 604, 143, 659, 4643, 235, 4882, 995, 339, 484, 2083, 1470, 2803, 655, 3658, 4299, 1255, 1889, 2038, 3206, 1331, 342, 1997, 1892, 944, 2251, 4066, 989, 899, 2964, 1509, 3045, 3150, 929, 2985, 4539, 2966, 4168, 2190, 3961, 580, 2503, 4581, 4054, 1957, 1874, 2055, 408, 2463, 3379, 1277, 3050, 2508, 3425, 2711, 733, 4693, 172, 534, 2933, 3065, 1294, 3345, 3622, 2235, 4656, 5152, 265, 3591, 4396, 4394, 589, 5048, 4372, 992, 4091, 4688, 4900, 3437, 4842, 3594, 2744, 5026, 727, 4887, 2885, 4255, 4889, 527, 3534, 598, 40, 4634, 4359, 496, 1021, 4004, 2381, 4417, 5089, 3271, 2011, 3374, 3219, 3786, 3783, 2274, 2721, 3178, 4237, 2989, 2234, 2474, 1516, 3111, 1286, 3662, 1337, 2809, 1955, 728, 3489, 2883, 3705, 3365, 410, 3037, 433, 4422, 3460, 4606, 1661, 3156, 4768, 3395, 319, 4419, 1857, 1334, 1419, 972, 3717, 1590, 340, 3028, 2, 2020, 4577, 560, 4329, 346, 3041, 3008, 3230, 4326, 3264, 2669, 4930, 3209, 2615, 4456, 3674, 4759, 4500, 4831, 3733, 4702, 807, 1265, 3455, 17, 2899, 4111, 687, 3402, 4860, 3821, 928, 3174, 2675, 4928, 3253, 1941, 4096, 2408, 2236, 4117, 180, 4303, 3793, 741, 4454, 2266, 2539, 3134, 3987, 1306, 4902, 715, 1530, 2291, 3108, 1350, 193, 3382, 2656, 3508, 500, 214, 1633, 5145, 4029, 1601, 1304, 2210, 3200, 1399, 933, 3652, 76, 4608, 834, 1739, 1083, 2616, 3023, 2355, 3948, 3024, 689, 4748, 1690, 2753, 4742, 5115, 2569, 3068, 2149, 1171, 640, 946, 4851, 622, 1929, 2316, 5157, 3168, 3901, 3587, 2745, 2931, 1928, 4460, 4044, 752, 3116, 230, 1401, 5091, 716, 2727, 1236, 388, 4244, 2880, 1151, 445, 226, 2421, 786, 3066, 4235, 5161, 4753, 2238, 3188, 3876, 2519, 962, 3104, 1639, 2014, 4042, 1782, 732, 1241, 724, 3166, 4779, 4579, 1540, 2875, 1908, 3399, 3808, 3972, 903, 865, 4202, 4238, 921, 806, 3475, 464, 2208, 4485, 4937, 2544, 405, 3709, 1246, 4957, 2136, 785, 5045, 592, 4546, 661, 1486, 2837, 2066, 2239, 626, 1507, 1593, 1512, 4685, 2387, 4142, 4357, 568, 85, 1680, 4834, 430, 2670, 5086, 1348, 3025, 633, 4715, 1493, 4256, 3109, 3449, 3019, 1426, 2910, 1159, 4499, 5083, 5013, 4393, 1318, 3741, 4628, 4701, 1249, 4335, 267, 3454, 482, 3989, 5084, 5114, 4945, 3331, 1846, 2756, 3819, 3056, 2568, 236, 1935, 3795, 4746, 2666, 2197, 3617, 2940, 3072, 2127, 2958, 3485, 3979, 4920, 2902, 561, 3087, 1989, 4464, 3294, 436, 3788, 3980, 4006, 922, 3412, 4097, 4355, 1285, 541, 4311, 4298, 1215, 4626, 3694, 1819, 1080, 1369, 1638, 4866, 301, 3949, 2625, 159, 905, 1500, 3235, 19, 3269, 313, 3404, 4286, 2891, 4594, 423, 4970, 4263, 20, 251, 1595, 4813, 1927, 660, 4663, 2142, 4877, 4597, 3368, 1717, 2932, 2054, 4778, 1059, 2131, 721, 1504, 353, 1183, 3518, 1918, 4173, 5049, 2915, 4646, 4798, 2443, 4717, 3915, 192, 4106, 3151, 3925, 4410, 323, 4391, 5116, 3843, 3202, 996, 2308, 3916, 3309, 2712, 803, 1969, 501, 3606, 3088, 1501, 56, 3377, 5069, 3194, 538, 607, 4452, 503, 1609, 4275, 1452, 1319, 3120, 4723, 2516, 3146, 3702, 3824, 1466, 2174, 352, 966, 2333, 994, 491, 177, 3296, 3349, 3593, 2807, 133, 2505, 3669, 4972, 4554, 2220, 2777, 5005, 6, 15, 3280, 844, 2716, 66, 4530, 3221, 371, 2972, 2533, 3372, 2870, 1963, 4144, 3484, 2814, 279, 3413, 3450, 4339, 522, 3444, 13, 2907, 2636, 4122, 3761, 4232, 4474, 225, 63, 51, 2906, 1978, 4832, 1451, 2022, 2411, 3186, 2627, 1157, 4894, 1715, 1645, 2736, 1700, 92, 1807, 286, 188, 1980, 4839, 444, 162, 3265, 2635, 2059, 369, 1380, 2495, 373, 2652, 2816, 1826, 1725, 4471, 3692, 3906, 1036, 4284, 2705, 4965, 2961, 186, 1041, 3625, 685, 5139, 2855, 64, 3858, 4428, 940, 918, 1949, 4043, 3857, 629, 3775, 5138, 1670, 1740, 53, 2501, 2008, 4156, 4109, 476, 4698, 4230, 539, 980, 2888, 4081, 578, 686, 4532, 2702, 3667, 3532, 3389, 420, 5018, 3059, 2679, 39, 532, 377, 2631, 3408, 3403, 1006, 1683, 2119, 2797, 3665, 1788, 131, 5030, 2240, 4946, 3994, 3910, 3004, 4901, 2554, 3128, 5130, 432, 1833, 4563, 1340, 434, 2566, 1810, 3769, 3592, 546, 4988, 4180, 4030, 3029, 4871, 4345, 1835, 3245, 2747, 1939, 3537, 1321, 2078, 81, 2653, 3816, 1699, 4939, 4488, 2212, 2874, 1778, 1841, 1455, 4407, 1789, 1648, 1464, 3464, 2232, 2562, 3755, 4172, 1165, 227, 2919, 3874, 4565, 3244, 2506, 523, 1635, 3578, 1046, 701, 215, 1475, 1793, 35, 4167, 4497, 2062, 1548, 3603, 5113, 4983, 1289, 508, 5136, 1943, 1811, 1574, 4891, 897, 3341, 439, 5039, 1730, 3201, 4424, 3363, 2292, 386, 892, 881, 276, 1553, 4221, 4989, 4615, 5104, 2639, 1264, 1749, 4828, 1619, 1283, 1585, 2438, 646, 3732, 1627, 1251, 494, 565, 878, 2714, 4977, 4009, 990, 1513, 4406, 4015, 418, 761, 1462, 3359, 782, 3445, 4348, 5015, 4028, 2755, 3781, 1432, 4711, 3320, 2597, 778, 273, 1174, 3730, 3071, 4090, 2608, 2689, 4584, 3358, 1181, 836, 2113, 3043, 4370, 2749, 4367, 3842, 2082, 36, 2894, 4403, 3719, 3278, 2977, 3189, 104, 4794, 1298, 1176, 3887, 2995, 2279, 5038, 1093, 1193, 581, 3246, 1420, 1351, 5034, 694, 841, 4479, 1791, 2029, 1245, 1538, 1447, 2242, 573, 454, 1408, 985, 328, 4057, 1163, 1216, 3062, 1375, 4625, 1622, 477, 1445, 1905, 698, 3329, 4457, 327, 4476, 2813, 4440, 2696, 3726, 2106, 4478, 2027, 4267, 1312, 2564, 1272, 3955, 3713, 856, 904, 88, 3498, 289, 3539, 1124, 657, 1800, 2277, 645, 1017, 2580, 4671, 1345, 4413, 1992, 2917, 3300, 4898, 1160, 2245, 1671, 4251, 4709, 521, 4844, 1689, 3337, 1266, 1233, 4107, 556, 3645, 4492, 3495, 1804, 306, 2050, 1155, 2432, 4328, 1112, 411, 2114, 1870, 1031, 862, 1343, 4583, 2334, 4728, 2538, 5063, 3241, 121, 4637, 3275, 3167, 2297, 5165, 2758, 3856, 4966, 3574, 4761, 3700, 2925, 108, 2221, 2295, 1994, 1546, 2585, 4418, 2486, 2237, 4382, 3762, 385, 986, 1686, 1137, 1263, 4843, 1439, 4426, 198, 4718, 3582, 4714, 639, 5155, 3958, 3939, 4269, 2928, 5044, 4332, 3959, 4200, 3600, 204, 1682, 2981, 3884, 1750, 2259, 572, 2687, 3032, 1612, 3909, 1209, 2152, 731, 304, 380, 2428, 2398, 1751, 4334, 1123, 1126, 2317, 653, 4292, 74, 3322, 2394, 2203, 1754, 288, 4534, 4128, 46, 800, 285, 3447, 3304, 3001, 507, 3314, 3089, 2110, 2456, 2412, 5070, 493, 2644, 857, 1534, 1393, 809, 2354, 1066, 5137, 292, 2200, 2868, 331, 4099, 3366, 1367, 3251, 1011, 1679, 5066, 847, 1300, 1440, 1069, 3234, 3575, 758, 4313, 1795, 2175, 4039, 3899, 815, 2729, 1669, 258, 4929, 3452, 3002, 3869, 32, 5077, 1477, 422, 427, 1478, 1840, 295, 100, 2530, 2762, 3132, 2446, 1353, 2640, 4149, 3672, 4840, 3075, 3811, 1951, 3747, 4964, 1364, 704, 4991, 2138, 2468, 144, 4337, 1146, 725, 3597, 486, 3503, 4700, 3248, 3390, 4366, 726, 4623, 4666, 4126, 3439, 1696, 2537, 3158, 2709, 3312, 2269, 3288, 1967, 4271, 3061, 2340, 463, 894, 2000, 2135, 1818, 1118, 596, 3042, 2579, 1940, 1707, 3428, 2698, 529, 2953, 1106, 146, 1292, 1307, 3993, 4694, 700, 3463, 702, 601, 269, 1195, 2565, 3036, 4738, 3918, 682, 935, 1549, 263, 1999, 43, 1087, 3469, 2384, 3306, 316, 234, 4543, 4073, 796, 4725, 3364, 2312, 4226, 3756, 197, 4963, 2929, 4018, 3540, 4314, 4736, 900, 3868, 4000, 2677, 1000, 3840, 2124, 1156, 181, 170, 2605, 21, 303, 132, 1851, 2665, 1747, 2638, 4069, 4549, 94, 1695, 412, 1620, 1763, 4259, 2080, 1434, 3882, 55, 262, 4913, 4514, 182, 1838, 4056, 481, 3799, 3543, 4374, 1150, 3279, 4477, 600, 4661, 2796, 2179, 2342, 2172, 5075, 54, 2039, 2524, 3347, 3013, 2612, 2186, 2383, 4146, 414, 2861, 1495, 514, 768, 3619, 1296, 5053, 2935, 3743, 4178, 2710, 2219, 5041, 3079, 1852, 2071, 294, 2728, 1088, 4879, 3231, 5119, 2032, 3033, 2483, 3147, 495, 1025, 2859, 1779, 450, 1617, 1184, 1888, 107, 4442, 1667, 1726, 1341, 1752, 1, 1541, 4025, 2281, 5160, 3504, 1418, 4323, 2504, 2406, 1588, 4176, 4704, 3006, 2263, 2769, 337, 3422, 2226, 4145, 461, 119, 2693, 2788, 3657, 4108, 5121, 2873, 4790, 2410, 3301, 2389, 1605, 2243, 658, 3757, 2776, 2822, 2630, 5103, 360, 264, 1898, 1518, 2315, 3722, 2427, 3577, 4061, 4389, 247, 3080, 2393, 4300, 674, 2549, 4376, 2319, 901, 5126, 4450, 415, 1208, 3443, 4751, 4618, 1820, 2583, 2878, 736, 709, 2810, 1618, 1226, 2881, 2802, 4182, 4100, 5095, 2781, 1714, 5093, 465, 3873, 1879, 3126, 4893, 931, 5094, 2842, 3798, 719, 3436, 4458, 1871, 1054, 4008, 2968, 27, 490, 2970, 2792, 249, 696, 4033, 4035, 2010, 1903, 558, 1655, 888, 1529, 913, 1532, 2375, 3584, 4825, 4206, 4864, 2184, 4956, 1533, 2793, 2192, 202, 2385, 3768, 1023, 341, 1756, 1075, 393, 1482, 2450, 4098, 1623, 421, 220, 4489, 3191, 3012, 4449, 4569, 1282, 1703, 275, 637, 3478, 3960, 957, 3871, 3211, 2125, 816, 1901, 4336, 2414, 1090, 3224, 3528, 3491, 381, 967, 3, 3560, 997, 80, 526, 3190, 4398, 5011, 1708, 3812, 2171, 690, 1706, 5021, 2473, 4883, 4509, 1019, 3764, 1573, 3933, 2169, 4856, 4503, 2658, 2697, 1770, 2440, 1615, 1931, 4811, 1836, 2957, 1691, 4562, 3014, 4487, 2739, 1374, 3321, 4236, 697, 754, 4261, 1769, 4312, 488, 2280, 4863, 2741, 3839, 1685, 1812, 3844, 2784, 3881, 1758, 2358, 1821, 5025, 2321, 4544, 2096, 1866, 1324, 4756, 3930, 2492, 3643, 4918, 4502, 1515, 2086, 1167, 5092, 5028, 1720, 1386, 2879, 2821, 1086, 952, 1257, 1185, 4821, 1570, 4194, 1062, 2703, 312, 1494, 4257, 5007, 2937, 4564, 1729, 4137, 2715, 2647, 3336, 4630, 2844, 5159, 5022, 3291, 3545, 3176, 951, 4480, 4576, 2707, 1906, 4677, 870, 3197, 1190, 876, 255, 4229, 3950, 1916, 4699, 3785, 1094, 2166, 1230, 3792, 4439, 2063, 4915, 2527, 5036, 4143, 3386, 4890, 2072, 3835, 4283, 4763, 1554, 3953, 2305, 3571, 3563, 4095, 2168, 4102, 2976, 116, 2359, 793, 1790, 4613, 2132, 3907, 4196, 974, 1882, 308, 3260, 1022, 672, 2409, 775, 5162, 889, 4924, 3426, 3458, 2893, 399, 3875, 3691, 648, 1813, 4770, 4157, 961, 4513, 3782, 1829, 2109, 2013, 2922, 3698, 2572, 1381, 516, 833, 298, 62, 2795, 4164, 2284, 2301, 3682, 3477, 3123, 4055, 2298, 2914, 938, 1037, 2499, 1127, 245, 1310, 2982, 664, 588, 2382, 3866, 2730, 382, 2089, 1907, 5133, 3081, 1547, 4420, 270, 3531, 2484, 2575, 586, 3442, 1867, 2743, 1338, 3352, 3381, 174, 790, 1776, 4833, 4971, 4169, 2927, 362, 3833, 2923, 1583, 3360, 3509, 4185, 3968, 3326, 3137, 849, 231, 4083, 2587, 3027, 965, 3236, 2994, 1130, 4089, 1945, 3892, 2311, 2775, 473, 2256, 988, 2732, 552, 1936, 713, 3510, 804, 3299, 1995, 3729, 549, 3113, 3647, 3683, 160, 5109, 912, 2737, 4610, 1120, 2258, 1333, 196, 1407, 2425, 1239, 4724, 1038, 1944, 8, 1774, 1487, 3009, 1859, 3865, 1270, 703, 1180, 302, 4158, 949, 3369, 4011, 1227, 3049, 4062, 2835, 3474, 846, 4472, 3473, 1649, 3774, 808, 3334, 4760, 1100, 737, 2140, 1773, 330, 2441, 1004, 4245, 1640, 4273, 1436, 2207, 2296, 1496, 2252, 2767, 4155, 1271, 3962, 1228, 1388, 590, 468, 3160, 137, 616, 1521, 2939, 1199, 4079, 1768, 829, 3838, 2118, 98, 1925, 1223, 2079, 4496, 2949, 1220, 3903, 734, 4858, 1471, 110, 557, 2614, 4133, 2980, 4421, 1561, 3982, 1293, 2278, 3416, 4347, 4037, 4855, 2060, 3424, 3465, 627, 783, 4022, 1281, 1267, 2512, 4788, 3576, 4138, 3394, 5098, 3107, 2052, 3228, 4906, 2422, 4031, 2882, 3572, 3252, 1991, 1458, 1198, 2373, 3628, 3074, 3515, 1170, 2918, 3679, 2560, 4536, 406, 3621, 1868, 3547, 4941, 478, 2002, 4927, 1169, 5017, 47, 1166, 551, 2265, 1268, 1713, 349, 1545, 394, 4199, 3912, 261, 4621, 2718, 2085, 1914, 1214, 1032, 810, 3890, 692, 2682, 2971, 449, 4636, 1071, 3971, 1252, 4045, 2848, 3889, 3814, 2806, 654, 1441, 4498, 4682, 4333, 3220, 1147, 1896, 1489, 3985, 4063, 2943, 4078, 3632, 3095, 1428, 243, 3339, 1016, 4769, 3461, 594, 4954, 4470, 2479, 1704, 103, 3850, 3136, 4021, 518, 2361, 4184, 2496, 1148, 470, 111, 4774, 4505, 2419, 2838, 1026, 4416, 4806, 2448, 318, 4349, 109, 3946, 5078, 544, 4005, 2892, 753, 4729, 605, 2599, 3130, 3613, 4535, 3388, 642, 2353, 4294, 1014, 3661, 772, 4064, 4218, 3131, 4516, 999, 5120, 176, 2187, 2481, 2851, 555, 4948, 1657, 274, 1827, 730, 1983, 2336, 3991, 1659, 2214, 1543, 4189, 489, 2126, 1555, 1937, 575, 5144, 1179, 1527, 2491, 3101, 2231, 624, 2941, 2840, 4574, 2134, 4540, 3406, 771, 2043, 4414, 1531, 1154, 2144, 73, 4161, 2164, 2176, 3823, 1203, 3673, 950, 2960, 2850, 2790, 2590, 2459, 4060, 152, 4086, 372, 33, 2731, 4260, 763, 2489, 1787, 4208, 4187, 3240, 2951, 309, 3144, 2090, 3468, 4660, 4134, 4826, 3796, 2430, 2847, 4036, 1142, 82, 156, 3663, 1211, 1141, 2460, 321, 2818, 4686, 3355, 2209, 4582, 3376, 4205, 3766, 543, 3581, 2262, 2036, 1210, 407, 3354, 4566, 1114, 1196, 535, 4662, 2433, 2322, 2246, 2162, 5004, 400, 2487, 1484, 4092, 3415, 3802, 1602, 4976, 4327, 3420, 1780, 524, 2983, 1822, 756, 2529, 3310, 4289, 5108, 2260, 4590, 3398, 4038, 1365, 1894, 1582, 431, 199, 30, 749, 595, 1317, 1339, 4482, 3155, 2865, 2040, 4740, 4978, 2738, 3125, 375, 1921, 1891, 3633, 781, 2761, 2084, 2598, 3586, 1761, 3527, 4160, 738, 3567, 1930, 3159, 635, 1323, 3566, 1960, 3675, 3676, 1953, 3084, 3067, 1973, 2620, 963, 4880, 1872, 2156, 2515, 1138, 5043, 3026, 1711, 354, 4408, 606, 1958, 183, 2330, 1275, 2559, 2417, 4782, 3353, 788, 4653, 1956, 2768, 914, 4744, 2033, 4234, 2654, 1414, 4886, 2436, 1825, 4040, 4868, 569, 3648, 1018, 2250, 4999, 1248, 3516, 898, 842, 1799, 3651, 2290, 475, 4297, 4541, 2462, 631, 3239, 2283, 3106, 2962, 4228, 1864, 978, 5035, 2227, 2053, 3038, 2535, 1786, 4557, 2299, 603, 4992, 4607, 4648, 4912, 917, 401, 2884, 3533, 3249, 4642, 3133, 2719, 2198, 3273, 1722, 628, 982, 2946, 2602, 1043, 2834, 3148, 5079, 1762, 4265, 823, 649, 3232, 5074, 129, 1421, 1068, 1472, 59, 4445, 2695, 4204, 3238, 3546, 5001, 2584, 3414, 1119, 585, 2413, 964, 173, 4910, 48, 4592, 1425, 2177, 3853, 3521, 4115, 4810, 3529, 2603, 1051, 2148, 326, 1145, 3806, 801, 4586, 3384, 5123, 562, 1392, 5110, 1861, 2185, 2974, 1235, 1535, 4897, 2664, 4829, 4727, 4317, 3832, 2734, 4994, 1476, 218, 547, 2024, 2475, 2196, 4148, 1409, 4463, 1295, 2160, 1113, 130, 4529, 2789, 2304, 613, 3506, 2128, 4515, 1274, 3170, 5125, 2642, 4174, 825, 868, 4105, 336, 4542, 2303, 4804, 1262, 4573, 4512, 4850, 1024, 2493, 1395, 2310, 5124, 3696, 4316, 3433, 268, 3303, 2268, 2581, 3421, 3505, 4211, 1586, 4631, 2657, 4974, 3827, 1710, 1558, 1858, 1057, 3624, 429, 3511, 1848, 1765, 359, 4931, 4397, 1413, 4773, 559, 3409, 2908, 2988, 3526, 1084, 3885, 112, 3243, 2867, 2685, 4692, 4657, 2018, 5058, 1828, 3851, 4802, 4354, 1607, 3905, 2582, 1050, 3254, 3513, 3852, 4603, 241, 1219, 16, 2699, 42, 4862, 2938, 5046, 2302, 45, 1095, 3904, 614, 747, 2350, 458, 2445, 805, 3727, 1315, 3544, 2133, 504, 1152, 583, 2420, 3712, 3778, 1738, 787, 3664, 2154, 4104, 2461]

# Make sure we're in the experiment directory.
os.chdir(os.path.dirname(os.path.abspath(__file__)))


def get_run_id(task_id):
    return SHUFFLED_TASK_IDS[task_id - 1]


def process_task(task_id):
    run_id = get_run_id(task_id)
    run_dir = get_run_dir(run_id)
    error = False
    driver_log_file = os.path.join(run_dir, "driver.log")

    if os.path.exists(driver_log_file):
        logging.info(f"The run in {run_dir} has already been started --> skip it")
        return False

    with open(driver_log_file, "w") as driver_log:
        with open(os.path.join(run_dir, "driver.err"), "w") as driver_err:
            logging.info(f"Starting run {run_id} (TASK_ID {task_id}) in {run_dir}")
            try:
                subprocess.check_call(
                    [tools.get_python_executable(), "run"],
                    cwd=run_dir, stdout=driver_log, stderr=driver_err)
            except subprocess.CalledProcessError:
                error = True

    # driver.log always has content for a successful run, so we never delete it.
    if os.path.getsize(driver_err.name) == 0:
        os.remove(driver_err.name)
    else:
        error = True

    return error


def main():
    pool = multiprocessing.Pool(processes=6)
    num_tasks = len(SHUFFLED_TASK_IDS)
    result = pool.map_async(process_task, range(1, num_tasks + 1))
    try:
        # Use "timeout" to fix passing KeyboardInterrupts from children
        # (see https://stackoverflow.com/questions/1408356).
        result.wait(timeout=99999)
    except KeyboardInterrupt:
        logging.warning("Main script interrupted")
        pool.terminate()
    finally:
        pool.close()
        logging.info("Joining pool processes")
        pool.join()

    if any(result.get()):
        sys.exit("Error: At least one run failed.")


if __name__ == "__main__":
    main()
